[1.3.6.1.4.1.37476.2.5.1.1.2]

oid:.1.3.6.1.4.1.37476.1.2.1  identifier:devices
oid:.1.3.6.1.4.1.37476.1.2.1.1  identifier:webcam-bureau
